1000 100000 4982
11264 10483
3619 3407
8178 7509
14020 14670
14436 14975
12955 13037
15258 15504
5733 5615
11573 11176
3854 3597
12351 12375
14252 14094
14893 16415
7743 8479
3235 3336
17432 16240
12031 11200
19057 18379
9910 9036
6524 6929
16201 16528
12129 11283
17895 17879
6264 5738
9223 9120
2115 2291
140 133
5387 5707
5469 5449
19423 19202
12708 14077
12445 13535
4039 4015
17476 17040
14556 14447
4138 4428
14709 14111
13840 12968
18602 19095
17559 16178
3181 2962
4366 4461
11277 10553
7636 7177
4496 4138
10605 10270
5754 5829
1531 1477
4301 4370
10745 11315
8288 7922
8831 9747
20397 19968
12886 11935
13644 13860
9823 9083
16368 16948
16507 17102
8456 8839
6646 6045
7541 7992
11862 12006
4094 3923
18307 17718
5058 5567
6027 6055
14515 16104
18273 17146
8405 9063
14384 15981
8622 8369
19918 19513
5685 5753
21016 19978
16395 17091
6352 5884
38 38
2881 2638
12467 12412
4882 5126
15580 14217
13646 13409
19153 19334
16726 16437
10088 10633
15724 17413
8905 8851
5780 5823
921 1013
5257 5430
16771 15328
84 88
9063 9448
5522 5515
11864 12051
9134 8712
9506 8772
6421 6420
9883 10815
18961 17495
4080 3736
13077 12571
14824 13565
13782 15011
20925 19132
10517 10213
11094 10674
663 614
16588 15762
15303 15632
5582 5486
1268 1266
10959 12004
914 852
16522 16616
12721 11574
5356 5802
7068 6980
8840 8324
5479 5912
8068 8419
8010 8236
17378 18159
6726 7386
1007 920
8771 9746
365 383
19226 17751
4595 4670
6962 7062
12902 12789
14625 15012
11328 12466
2237 2419
16307 16412
16238 17489
6923 6556
4789 4382
7427 7785
19180 18183
16913 17710
12851 13092
5285 5178
3650 3818
7638 7716
9630 10221
14215 14137
12565 13526
9011 8516
15475 16797
12491 13784
10189 9444
15038 13885
9187 9231
17232 15925
7717 8131
604 617
2270 2394
11363 11957
7923 7680
17028 16620
14418 13294
6735 7401
17592 16065
11624 12020
366 405
558 558
6398 6147
13816 15129
11737 11220
10027 10278
6067 6145
18156 16732
1704 1833
2780 2882
16093 15150
16292 16841
18073 19180
14625 14329
5524 5591
2174 2262
1509 1456
10701 10479
15543 16547
16212 16932
663 640
4820 4689
4469 4628
13251 13531
9782 9892
3376 3637
14537 13446
6393 6127
18091 19387
1007 924
4719 4973
2731 2623
7361 8001
18781 18450
7485 8216
9681 10194
129 136
7447 7402
14375 15186
14861 14138
18704 19040
2223 2307
1925 1949
3543 3346
12981 12688
253 231
9354 8855
17008 18338
6065 6300
12008 11561
6213 6550
4830 4567
4938 5279
17459 17412
16362 15693
14750 14733
12605 11952
11942 11616
4622 4295
6006 5927
6941 6655
17838 17646
16131 16040
6518 7186
4877 4758
11131 10888
2421 2577
595 584
6092 6105
18411 17908
16526 16219
12241 13224
3340 3144
14182 14848
9390 9304
13642 13824
10644 11066
4466 4356
2603 2454
10392 10597
7346 7010
2234 2213
2395 2397
17634 17463
6501 6027
6445 6862
16564 16302
13834 14528
4588 4445
10163 9590
3926 4196
3998 3987
3314 3255
2390 2366
1856 1908
6930 6862
17224 17876
8160 8434
12400 12398
12125 13146
7655 7241
10318 10245
9013 8251
13327 14408
11594 12226
7908 7863
7858 7454
10983 11347
18153 18026
6887 6704
5399 5557
960 994
12768 12929
5096 5508
9668 9751
8968 9060
9286 9733
8823 8622
5024 4630
3718 3571
12738 13068
9113 8790
17931 19516
10972 11124
13488 13158
1150 1101
102 111
332 339
2796 2813
16837 18190
14485 14222
5471 5353
10015 9621
6774 6493
4878 4467
6273 6679
5822 5774
11833 11049
9377 9456
16007 16842
1336 1375
10170 10858
6281 6612
11622 10615
5176 4826
20988 19301
9063 8773
13178 13565
17630 18381
17941 16773
13622 12709
15146 16200
7554 7100
12055 12577
4613 4912
16116 17769
4613 5066
21495 19995
7256 6905
14024 13920
7120 7374
15524 14333
10670 10674
11541 12469
1208 1280
11355 11675
19585 18402
9217 10104
17452 17611
2779 2773
12244 12590
15347 13958
8243 8410
7508 7475
5097 5395
18521 19876
15819 14509
8774 9449
14418 13159
12593 12291
19647 18594
8278 8723
652 701
980 1020
11509 11246
17117 16407
3521 3775
15894 16115
3112 3203
8734 9607
8558 9300
17881 17110
3342 3210
17426 17662
17669 19481
221 221
3937 4264
8743 8576
9075 9961
15538 14505
7189 6778
16607 16508
3323 3255
18143 19430
5065 4794
3040 3147
2180 2321
20323 19499
10685 9945
9099 8399
10119 11036
11468 10774
9830 9093
8643 8119
5190 5724
18158 18770
13656 13922
19054 18839
15079 14058
506 466
14043 14418
10122 9298
2248 2461
11989 10997
6792 6319
10086 9714
7929 8004
15029 15554
10762 10445
5739 5227
9524 9768
18379 18251
19221 17691
6865 7229
6035 5612
12226 13419
6081 6240
169 177
19458 18542
9604 8873
8516 9407
7692 8473
2079 2181
7280 6933
5176 4725
6580 6098
13574 14306
15025 14728
6335 6456
8897 8738
7135 6897
12044 13094
10055 9847
4408 4283
17513 18167
18039 16476
20129 19422
10923 10488
14504 15027
17026 15715
6297 6352
14642 15197
15359 14303
5263 5245
7286 7437
2944 3194
3120 2893
10587 9941
1042 1100
15535 14566
9594 8972
15226 16161
13275 13823
19585 18629
13248 13442
14114 13665
14896 14931
16452 15075
3846 3985
14234 14750
7271 7663
14993 14456
8085 8852
2524 2766
9050 8434
10053 9956
7115 7680
7578 8108
7596 6998
5306 5329
9212 8869
18251 17186
16850 16209
3302 3254
4707 4781
14857 14592
18186 16817
9095 8752
8840 9625
11764 10787
215 221
11866 12201
16200 15145
10481 11185
2781 2744
13203 12275
4913 5074
16875 15993
5685 5823
930 875
14670 15686
12566 12214
12547 13927
16109 14744
4067 4114
12956 14186
5335 5826
18266 18058
2838 2841
11759 11460
11450 10424
16208 17181
18123 18299
16836 17404
8559 8592
7075 7478
456 466
15966 17524
12166 12166
1449 1602
2106 2065
7391 6838
3227 3124
6685 6779
20820 19941
7730 7354
19210 19467
15569 16804
650 694
9142 8318
13546 13304
256 234
16447 15396
496 462
11241 11138
15964 16931
15815 16811
18435 19291
15739 16071
13879 13776
18917 19009
4171 4197
18277 17540
8504 7996
13710 12469
1999 2004
1294 1292
20384 19451
3040 3023
3220 3480
6064 5517
14218 15534
3142 3189
17658 19342
15676 16976
4988 5116
11528 11457
16862 16379
4910 5176
1407 1336
2623 2733
10573 9744
5411 5087
12321 12863
17654 17417
9667 10630
14295 15645
8003 7896
411 449
18780 17569
583 579
1662 1844
19157 17977
2513 2543
12311 12313
111 109
9236 10002
9191 10120
14781 13446
4367 4552
14223 15300
19190 18861
15119 14598
1425 1397
18115 16708
5212 4810
2728 2834
3005 3243
2996 3197
7701 8373
10910 11294
9781 9966
5619 5976
16210 17614
19562 19284
825 779
520 566
15474 14975
14572 13435
3066 3128
11561 11090
116 124
5962 6100
1665 1814
5826 5441
574 545
17976 17176
11581 12176
12459 13459
17492 16152
18730 17629
2358 2203
5680 5617
17287 16690
16583 17520
7465 8022
19201 19294
19806 19883
15151 16314
2500 2601
10397 10584
1167 1096
19158 19101
1999 2151
19810 18487
15571 15609
15359 15542
10264 9485
3967 4202
18341 17465
10563 10202
10481 10467
9540 9566
893 875
2995 2810
14799 14231
1147 1144
13871 14716
2556 2625
17325 18727
235 247
17922 16902
1194 1106
2384 2453
20172 19317
14688 15432
9998 9196
15401 15826
12859 12901
18889 17232
14644 13896
18870 18901
303 276
12151 12819
1294 1207
10467 9667
10860 11561
12040 12753
10192 9926
1928 1831
11804 11654
10697 11636
8573 8699
19125 19096
16828 16486
16636 15151
4412 4118
3439 3127
3924 3711
1453 1472
14127 13267
11868 11568
13130 13503
5521 6095
17478 16101
18248 18998
11437 12177
2990 3183
11320 12314
8768 8744
2344 2327
5240 4954
6802 6363
154 145
18476 19438
20286 18807
12451 12042
7184 7873
635 591
9875 9685
17941 17059
5009 4662
12070 11722
17680 16655
14816 15229
12464 12408
12399 12618
11973 10951
3157 2920
7041 7670
693 725
3652 3596
15973 17359
15830 17515
18920 18347
5293 5110
6126 6517
12811 12989
5309 5540
63 70
3010 2873
10942 11418
4265 3956
15408 15113
1531 1395
10782 10010
20756 19593
9089 9651
4046 3862
6818 7202
12684 13192
1210 1254
5291 4942
14880 13565
7089 7573
5534 6058
2375 2337
8944 9762
5247 4777
6971 7476
16733 16880
20948 19187
17473 19036
12052 13153
5240 5620
17428 17977
3407 3770
3240 2969
5783 5443
2618 2475
5198 5199
6565 6158
10376 10282
20666 19301
4790 5150
11236 10492
17084 17074
17154 16755
13099 13122
9449 9577
14627 13660
828 837
10949 10133
9165 10147
15795 15271
1269 1338
13044 12776
5259 5638
5869 6311
2810 2935
12795 11685
8649 8214
16718 15565
11375 10990
18021 16657
17074 16126
19169 18947
8845 8506
12900 13421
17177 16185
6694 7342
4791 4383
5271 5650
14498 14727
970 1068
18028 19564
12257 12914
7577 7668
732 757
6066 5722
14076 13532
9951 9302
10142 10044
16076 16139
709 694
18104 16718
10387 11021
4615 4558
15895 14722
15740 14947
16809 17102
3173 3351
15721 15323
15349 15884
3898 3904
931 873
16319 16663
18163 18916
13895 14460
9571 9261
16535 18372
13041 12341
1812 1975
7697 7546
8746 8908
7720 7408
2328 2560
9683 10189
4409 4307
1977 1937
6068 6303
13822 13711
10688 10133
16223 17117
13504 14678
11270 11444
5615 5419
13576 12548
14954 14945
1117 1176
3510 3428
12272 12417
14207 14007
13519 13057
1242 1325
17535 16407
2295 2088
2626 2754
18348 17388
16724 16691
15243 16926
4240 4628
12331 13374
17792 19054
20437 19230
6930 7452
4978 5182
7331 7530
6446 6662
13826 13641
11818 11391
4555 4914
3898 3822
14778 16020
8696 8238
11898 11676
19307 18281
9461 9312
9973 9651
1357 1288
17539 17091
12570 11609
17460 18542
14865 15039
8316 8353
18937 17431
11989 12155
12438 13782
7880 7206
4048 3705
15936 15312
14380 14410
1036 1098
4995 4556
12709 13212
16140 16676
11113 12162
1177 1092
774 808
6409 6132
4510 4413
17640 17791
13586 13463
19709 18584
7659 7779
10587 11687
11173 11206
5357 5843
16135 16598
18955 18797
17872 17166
10671 10391
595 658
12788 12624
14642 14559
13155 12606
12327 11822
4804 5270
5676 5669
1512 1418
17616 16729
1025 1072
2439 2501
15284 15114
11325 12256
4409 4119
10534 10909
14153 14486
9884 10948
3311 3539
8477 7913
10674 9839
666 646
11945 11408
19969 18426
3425 3778
9498 10461
6763 6952
11765 11519
1252 1316
16627 15516
8728 8638
13338 14717
8676 8244
438 399
15160 16735
6214 6008
13733 14621
14877 13787
8319 8736
5844 6474
6003 6131
10419 10211
13756 14020
12327 11432
4761 4659
4786 4959
17934 19509
12358 12130
15642 14277
12069 11396
20852 19080
8698 8770
15387 15995
9147 8609
9856 10556
2189 2249
17139 16049
2966 2717
10975 11384
51 54
7001 6988
10703 10620
12183 13233
11535 11008
1377 1373
12065 12057
9799 9667
14630 16249
4427 4605
9084 9579
18208 17973
9639 9963
19036 17520
1 1
17013 18840
9359 8732
18992 18180
11470 12584
4079 3878
17443 18859
13877 13905
1521 1537
12553 12452
9526 9170
17167 18712
15910 15501
2928 3074
18412 17572
6230 6917
191 195
17767 19511
14399 13581
20192 19054
1336 1430
9965 9415
18732 17655
19385 18931
17033 18129
672 639
18893 19073
11129 10590
19187 19644
18242 17461
14627 15495
14525 15682
15872 14774
5669 5962
10356 10879
9214 8414
18858 18842
1516 1513
15308 14807
10505 10809
9319 10204
3602 3559
862 826
5498 5828
16308 15275
12785 13283
8409 7818
19704 19677
8703 9550
16842 16068
11524 11268
6731 6600
73 73
7779 7904
13221 13633
19409 18902
17945 17239
9218 8945
5202 5681
1257 1247
12165 12334
14820 15167
17988 17663
673 649
15348 15712
18514 17083
18209 18002
4969 4928
10919 11030
7951 7391
16640 18087
836 257
129 257
592 635
163 715
6 363
76 258
532 662
396 319
400 837
655 147
641 506
112 142
320 934
33 318
342 729
534 422
558 189
648 647
871 448
24 643
652 389
499 365
634 413
376 22
775 268
908 494
870 292
774 533
614 563
452 456
647 221
419 936
902 525
964 304
391 657
578 181
594 424
663 630
677 61
270 576
163 59
384 666
337 43
804 468
665 5
633 841
762 565
141 649
601 452
168 464
627 914
353 295
911 856
430 48
973 541
938 732
337 78
772 861
409 578
45 649
862 81
425 113
343 585
184 889
996 730
378 754
492 807
504 345
729 811
984 465
859 876
254 366
646 983
960 103
601 290
760 592
880 685
789 85
878 797
369 671
825 351
289 756
368 229
374 447
790 56
324 516
385 936
938 915
438 782
424 917
223 6
108 12
360 583
299 788
305 486
870 55
78 481
785 326
427 934
665 349
148 79
26 272
726 852
635 176
730 675
224 263
808 881
643 160
928 127
733 206
701 532
749 8
909 598
768 665
316 195
48 837
306 127
781 693
999 641
936 976
502 8
435 811
147 297
335 279
409 787
913 843
668 423
469 641
778 722
392 92
51 873
723 839
129 544
801 419
704 831
8 463
526 698
493 734
273 164
646 108
554 547
23 735
713 865
819 42
575 538
342 965
224 685
591 898
511 471
237 96
273 170
775 493
24 784
10 517
393 654
299 102
918 763
300 545
147 391
498 428
73 753
938 530
109 879
71 610
57 559
413 549
496 118
951 338
706 486
137 419
257 97
164 286
355 237
729 334
226 893
648 740
842 987
552 178
927 170
440 254
232 46
984 965
170 809
532 824
944 886
324 101
997 507
525 729
858 376
209 992
439 271
756 250
996 891
977 678
98 775
643 396
521 570
384 867
593 538
600 9
952 180
392 759
789 730
540 371
104 460
259 172
785 873
264 573
561 227
738 293
144 941
42 507
894 380
534 982
669 970
468 781
155 205
323 159
681 346
416 765
999 385
7 530
817 871
179 536
238 941
762 601
90 228
565 803
57 356
288 282
70 415
111 874
444 699
549 963
469 443
203 797
541 681
647 310
949 493
250 794
667 515
891 179
958 886
387 694
830 109
820 333
121 586
112 76
561 509
812 493
349 144
619 738
838 44
809 296
133 100
112 370
182 878
272 787
888 480
488 973
791 560
851 19
152 127
269 619
549 10
849 790
248 672
824 829
115 858
506 594
937 625
977 758
101 835
11 416
228 864
549 615
320 597
536 364
468 764
968 845
214 427
56 738
6 101
157 554
314 816
816 234
182 463
142 210
508 43
476 93
865 435
585 93
463 620
932 98
289 940
232 15
120 558
224 763
708 252
225 321
86 535
361 176
529 629
998 844
864 683
760 445
551 751
111 147
778 749
154 264
163 120
258 131
811 37
168 462
67 571
556 20
616 763
571 77
174 515
394 914
233 895
235 512
83 197
665 17
787 300
695 424
211 230
430 857
462 224
887 435
59 5
465 242
771 913
944 366
542 552
662 728
613 956
977 288
552 841
278 252
636 887
940 846
931 111
786 9
686 135
569 943
348 347
957 374
102 116
696 589
888 92
117 600
274 651
939 16
668 513
879 956
838 546
716 691
119 888
793 550
796 6
49 418
319 741
376 988
754 248
704 321
913 291
881 873
331 232
275 859
452 953
973 151
308 454
371 586
431 354
472 811
384 304
905 796
815 396
534 178
304 391
979 479
988 165
806 426
485 728
645 445
876 309
749 583
913 695
93 437
997 555
370 896
366 461
518 613
467 142
869 976
140 909
611 834
404 172
922 762
175 12
596 339
542 343
254 787
193 402
391 281
139 332
937 245
144 508
800 902
651 397
257 301
757 535
534 383
762 927
818 987
310 968
557 354
961 191
41 726
425 228
840 460
325 679
758 924
345 36
393 615
639 224
151 463
19 729
849 733
131 243
62 494
638 49
342 156
206 674
863 797
63 612
883 539
622 387
587 281
951 445
208 861
543 623
312 454
195 225
72 792
391 496
162 504
145 849
160 774
182 886
377 466
33 711
704 492
959 300
157 859
502 188
873 266
535 898
415 156
442 939
836 351
793 321
338 899
735 916
345 304
92 630
707 883
17 268
399 883
335 483
465 861
274 885
246 839
197 356
122 597
774 627
712 793
600 106
869 524
758 609
329 942
797 206
299 284
977 925
312 138
65 362
194 733
713 625
59 578
247 274
141 257
570 32
352 100
343 118
807 795
576 420
335 294
322 808
358 236
471 649
359 393
359 893
976 258
10 209
598 302
265 741
263 937
792 780
27 821
147 15
603 304
851 110
261 284
671 161
460 57
607 90
26 23
898 477
34 221
241 412
445 495
839 855
424 179
235 454
166 92
175 217
615 185
855 340
596 707
790 497
909 968
209 561
118 848
81 221
558 71
653 555
21 573
113 829
835 962
534 525
436 831
147 149
563 746
320 692
446 286
859 616
608 500
149 459
674 103
694 612
13 81
209 971
836 859
528 689
676 371
41 775
752 851
855 848
178 464
885 801
389 112
277 113
811 555
697 60
780 993
826 456
888 179
564 282
660 73
164 48
545 975
770 716
158 558
807 365
121 959
260 561
276 394
767 147
172 872
324 537
734 883
105 80
15 219
507 168
818 422
766 665
517 869
2 300
636 842
594 270
944 83
923 137
970 933
245 279
241 703
556 950
458 339
864 711
82 697
753 864
606 87
941 464
383 988
689 385
295 167
898 929
734 711
417 677
838 355
944 54
959 619
241 347
539 573
140 359
957 209
852 524
491 122
73 170
121 210
945 84
637 543
939 304
208 564
37 866
530 93
484 172
714 91
466 559
391 915
925 325
725 395
10 597
529 510
700 874
250 942
117 596
376 139
866 962
90 796
366 744
611 205
340 243
235 13
496 499
390 329
284 156
344 283
148 48
495 880
481 847
738 307
258 175
525 624
735 676
341 389
229 231
924 465
370 243
841 768
618 634
258 505
521 208
491 893
294 915
941 947
336 192
21 580
858 992
586 926
697 161
939 784
62 244
908 721
952 46
296 659
454 217
227 498
775 510
234 935
166 181
130 617
544 668
265 905
126 815
320 151
474 163
840 888
901 302
944 499
703 262
468 529
730 945
456 888
533 195
790 985
609 27
550 959
861 978
549 312
683 59
246 699
290 621
991 599
199 652
554 452
339 85
221 995
569 484
173 840
347 260
542 411
149 855
433 987
171 470
287 224
614 553
214 687
913 392
157 987
319 793
17 373
53 484
305 211
632 424
715 920
675 85
971 443
391 606
950 808
554 844
471 251
118 723
760 636
462 181
5 861
636 197
376 775
749 420
969 710
314 92
386 259
295 416
885 306
85 707
354 85
427 135
0 5
23 185
157 7
399 733
11 677
894 962
669 78
162 355
208 646
403 695
959 62
457 822
875 919
930 125
140 465
837 988
409 471
1 764
823 240
442 380
220 779
726 794
853 572
953 99
595 295
110 729
811 495
258 348
203 691
844 407
19 982
776 513
594 756
806 663
501 816
50 172
585 902
343 647
453 250
126 270
231 211
299 84
839 521
765 614
130 846
639 143
546 21
898 152
660 629
682 224
649 965
677 689
201 572
918 786
986 299
504 351
908 636
547 213
510 155
542 761
893 416
485 466
355 484
866 652
20 231
638 309
589 913
925 441
346 56
488 955
661 245
707 2
987 173
351 641
11 524
195 512
768 14
664 983
319 147
19 303
185 261
879 6
592 105
203 51
839 579
18 787
358 471
190 308
838 652
626 115
671 476
854 71
796 387
70 546
901 818
839 438
921 946
371 206
106 293
628 171
82 510
222 146
7 768
953 934
160 606
363 913
238 283
79 361
71 900
449 766
966 272
199 178
341 99
977 768
848 503
381 460
808 627
203 780
740 548
828 71
23 135
893 922
294 212
866 853
173 722
146 510
318 862
413 200
7 827
704 370
368 847
198 950
759 873
88 952
702 337
610 491
556 860
919 233
841 247
501 417
518 465
20 725
601 886
320 384
884 94
558 95
349 907
740 235
967 762
15 119
689 932
448 349
728 206
650 563
884 977
273 604
83 949
785 765
411 823
607 152
463 1
478 150
694 35
70 378
20 691
344 505
703 418
302 386
671 200
753 675
977 379
77 337
964 447
761 388
80 129
830 620
282 922
459 654
145 820
158 491
240 647
746 919
977 432
381 75
837 865
410 228
92 608
588 755
540 222
25 487
197 254
609 972
412 687
296 662
953 440
897 427
256 439
301 180
41 556
337 903
665 361
740 436
844 158
242 468
520 51
233 56
82 949
51 671
141 378
627 625
685 824
910 695
398 650
26 669
827 130
434 342
934 723
964 362
872 829
955 714
824 23
442 371
62 410
939 822
935 998
289 763
161 39
351 938
979 842
470 320
699 794
866 757
260 418
853 975
277 722
853 719
253 435
976 184
573 59
481 53
519 667
581 741
427 632
415 253
260 471
321 308
966 149
298 52
651 594
78 692
872 202
144 363
151 937
338 48
922 420
124 556
193 412
94 303
328 390
219 362
809 800
616 69
839 580
406 888
431 967
366 127
777 591
599 296
241 509
135 575
116 982
708 21
929 78
65 576
239 582
862 370
500 78
935 426
65 141
687 258
78 413
869 530
421 800
448 368
633 525
99 838
844 180
860 599
754 727
689 152
83 410
37 8
133 80
765 486
432 213
306 910
487 9
22 330
264 54
935 616
605 507
917 341
643 455
439 396
13 898
908 621
756 732
20 630
918 774
276 888
593 764
321 479
377 128
492 517
915 222
837 711
982 152
415 57
185 848
978 213
438 819
614 97
274 297
406 553
799 462
111 46
441 568
680 911
198 374
426 859
910 399
242 389
531 939
329 113
903 678
667 572
964 562
332 123
408 143
670 400
690 182
135 982
24 50
152 743
444 647
30 402
471 566
139 113
329 893
146 729
761 244
129 801
159 163
614 141
22 254
453 548
523 43
713 670
763 991
741 976
223 928
825 19
972 373
108 216
942 136
433 530
188 270
244 121
509 757
3 916
619 242
127 294
787 755
586 804
255 257
638 974
221 967
385 977
990 577
514 488
229 255
823 545
843 283
604 553
143 383
490 51
220 117
442 154
304 241
964 663
317 592
338 785
193 954
709 539
859 221
888 160
368 280
414 196
870 150
689 325
538 235
641 211
441 672
210 866
120 218
442 556
842 754
341 619
845 135
836 378
42 957
572 872
0 334
431 816
596 526
938 867
1 185
102 895
122 866
759 976
285 901
555 474
435 405
425 506
807 587
127 534
248 768
481 849
180 414
758 412
908 400
464 287
363 523
8 938
803 736
342 367
205 289
882 671
684 735
538 441
686 305
852 808
924 122
318 494
977 429
624 193
215 711
411 604
301 990
350 961
830 506
675 95
357 979
826 476
357 744
112 477
590 701
617 229
370 984
818 944
710 117
570 669
354 78
934 508
444 463
962 418
474 607
921 997
607 447
876 134
653 85
830 438
375 441
109 110
757 216
695 776
779 387
247 647
531 439
229 58
458 638
235 119
411 761
557 524
352 605
304 379
41 286
165 804
333 522
782 850
709 252
394 347
39 469
191 161
806 758
581 666
651 564
417 98
48 873
704 490
517 268
0 470
768 808
923 961
254 903
111 20
355 339
898 613
414 237
57 522
101 855
925 508
895 821
214 942
974 377
854 924
65 336
632 594
571 443
559 214
454 240
446 622
594 515
883 389
665 976
590 583
34 849
415 468
231 912
312 533
817 737
692 723
216 730
694 45
946 243
762 147
8 680
30 484
28 864
574 438
28 979
458 344
957 791
692 302
492 901
633 505
939 610
794 33
984 226
96 33
387 172
739 756
152 894
911 115
722 528
77 995
507 304
920 462
946 121
871 12
405 174
345 851
467 809
939 607
713 830
803 720
177 53
481 249
378 974
818 867
713 346
213 649
873 217
832 552
561 30
650 274
788 514
660 938
824 378
933 559
894 443
561 940
266 631
946 333
404 56
926 830
595 985
846 791
600 71
658 8
579 499
340 608
448 310
675 814
476 790
161 175
464 166
178 956
828 59
904 698
837 597
624 779
771 113
438 582
271 727
184 980
526 496
736 888
614 297
752 456
346 716
220 385
938 177
124 903
520 48
128 180
116 677
641 925
263 97
992 470
328 410
52 29
106 860
710 264
746 109
650 142
766 520
597 1
280 598
487 269
834 573
870 113
5 334
19 194
694 792
927 840
653 724
793 138
825 741
376 827
191 553
186 973
205 110
977 529
417 243
351 101
846 21
233 484
443 293
474 959
921 291
720 163
669 819
388 82
531 160
489 256
212 890
862 558
603 214
676 794
425 377
689 757
1 143
4 672
206 977
164 425
637 613
294 45
120 200
525 117
321 724
482 652
598 399
343 956
553 216
193 756
574 944
460 714
826 746
561 147
193 641
60 521
690 968
424 923
565 144
831 626
785 41
255 739
156 507
675 223
541 34
595 381
359 146
97 10
651 942
724 812
472 783
500 65
432 441
589 901
375 408
246 698
317 251
704 48
453 888
509 821
61 788
891 877
603 793
241 811
497 90
753 538
788 611
785 646
818 536
903 566
447 459
349 985
621 394
487 148
232 616
341 585
183 715
191 349
450 489
936 527
388 942
182 202
721 963
546 778
171 632
797 611
313 605
122 806
951 291
477 712
986 629
577 225
303 869
488 484
850 425
352 337
674 442
926 491
307 66
998 582
327 725
232 828
341 979
100 6
45 940
948 475
638 391
884 187
863 14
966 990
668 698
145 210
678 373
758 587
225 166
139 907
52 697
472 536
995 401
374 652
526 625
651 113
480 484
832 164
49 245
273 573
230 905
825 243
9 776
34 331
817 751
496 376
78 378
446 911
114 188
67 86
780 813
495 388
555 266
389 281
117 847
209 53
275 265
688 937
229 387
824 644
536 535
987 661
584 947
781 716
699 479
754 938
254 980
638 379
405 523
91 621
568 900
905 540
766 255
631 334
312 923
415 308
649 629
566 71
654 84
357 537
464 408
62 630
542 426
695 687
679 607
566 361
872 743
41 910
656 324
241 875
149 611
779 799
518 678
530 562
413 872
892 422
98 812
3 977
467 143
546 981
668 362
25 115
129 864
433 700
324 431
768 150
464 810
11 943
359 189
146 50
939 565
15 577
821 849
816 813
285 879
802 34
852 306
973 356
825 33
255 204
120 607
349 175
600 775
407 624
637 195
150 784
458 322
518 275
796 668
236 472
175 409
2 941
421 954
207 596
240 951
353 933
591 353
382 32
86 332
540 929
404 980
569 659
841 366
137 96
454 368
217 750
668 677
827 476
670 264
374 277
85 871
495 850
103 747
611 584
428 605
851 282
778 651
174 925
616 100
563 996
286 577
684 636
324 337
769 103
241 630
468 562
13 678
442 194
907 415
424 275
308 761
606 120
21 407
385 907
933 830
571 3
827 812
242 59
702 314
15 884
84 775
424 673
820 4
283 394
994 199
446 915
262 744
528 751
625 742
272 651
854 595
45 131
667 926
579 980
762 40
544 644
329 303
812 156
599 735
369 570
311 858
81 978
246 857
582 790
607 966
392 121
939 215
469 862
598 991
523 545
478 726
826 469
4 986
579 654
127 690
270 929
210 963
43 483
871 221
505 85
775 669
634 298
265 640
553 234
606 563
447 884
574 180
849 326
112 787
51 864
444 821
867 538
179 897
257 297
383 75
697 485
137 421
174 133
5 977
545 410
586 154
171 872
142 692
901 556
211 106
248 885
669 681
66 800
612 502
813 506
836 137
15 14
793 541
609 144
343 637
388 747
610 808
188 105
380 706
183 733
419 616
261 646
550 965
735 253
676 819
402 590
513 955
811 47
226 789
305 834
733 958
372 12
777 784
96 139
59 837
756 922
529 399
815 244
421 961
965 801
487 188
478 213
730 991
260 811
781 437
299 754
466 54
523 602
671 312
111 112
254 162
748 209
194 215
640 805
456 829
837 775
570 889
388 989
748 959
962 706
461 236
172 516
107 905
57 309
453 192
761 757
386 140
601 320
259 861
765 400
741 325
141 993
29 938
9 924
919 525
440 106
100 560
486 75
861 222
724 192
873 248
232 623
940 744
882 631
493 624
42 585
79 317
188 538
740 81
574 329
304 32
691 632
335 251
872 880
247 59
913 848
849 497
76 794
549 370
479 489
206 105
285 966
635 522
678 131
175 26
870 932
15 589
418 54
486 819
630 525
8 168
326 783
66 409
115 11
657 625
702 530
760 870
5 263
619 661
48 27
922 401
362 218
445 58
264 472
860 76
869 819
483 919
835 158
68 462
442 693
602 360
976 899
3 855
381 814
235 610
434 400
416 724
65 629
879 688
15 357
522 993
118 175
509 367
809 429
296 722
429 696
701 255
339 119
27 762
119 900
602 366
432 829
267 935
683 762
393 17
172 883
615 919
488 34
993 564
813 333
491 630
164 281
396 624
570 494
630 603
402 678
281 228
3 119
267 176
945 907
544 923
95 237
115 67
463 436
785 62
963 737
497 454
537 648
639 707
596 948
45 67
386 750
817 813
673 439
12 926
815 94
44 362
912 494
839 126
61 365
553 572
224 153
419 164
527 732
169 483
266 164
676 664
34 336
980 236
39 345
382 943
127 369
2 764
422 39
270 20
171 839
708 387
758 669
448 105
829 270
314 23
986 137
367 387
202 685
81 520
557 755
164 745
388 980
865 798
72 306
448 683
303 275
780 767
378 945
677 501
591 817
276 554
21 983
416 558
989 719
157 8
623 409
253 358
167 820
566 375
613 587
14 478
4 92
415 118
267 889
294 771
602 593
863 922
915 531
678 825
904 897
992 650
312 115
530 151
759 837
518 746
156 598
399 70
575 432
879 175
24 703
82 439
542 971
895 852
42 589
91 54
64 566
238 905
863 569
425 677
348 147
579 644
329 485
694 599
780 185
965 70
667 579
383 570
647 816
438 508
356 846
741 427
375 517
311 100
69 775
547 423
799 407
360 93
454 141
74 269
809 729
68 684
254 129
417 197
329 318
518 590
953 73
736 465
285 842
831 646
993 971
12 411
620 847
987 355
434 656
37 579
100 678
563 905
342 84
3 41
198 179
485 318
119 236
103 231
142 391
430 676
30 606
9 758
687 359
349 742
589 460
617 93
533 792
234 771
693 405
22 934
943 243
75 48
560 942
381 622
397 922
53 504
79 949
752 49
540 894
275 233
410 675
82 367
933 940
733 970
229 681
115 70
163 90
857 916
936 848
266 158
760 459
642 937
786 140
195 0
610 697
601 407
361 738
345 452
406 638
323 173
75 716
154 846
591 391
62 611
927 21
227 420
488 712
202 466
176 586
989 41
369 393
342 285
46 733
616 184
981 952
523 693
674 852
552 386
535 929
21 12
828 509
63 683
114 723
70 354
664 797
241 676
279 154
857 265
514 954
377 249
215 540
86 429
42 827
627 154
742 495
311 836
621 175
767 218
310 502
389 402
929 718
619 92
48 165
967 653
771 895
674 935
842 891
181 650
68 416
729 213
193 438
893 559
458 957
298 376
120 808
218 747
210 801
755 42
354 811
279 231
218 695
455 24
503 698
979 71
169 931
611 437
110 327
558 389
179 768
261 862
126 696
923 169
230 939
972 348
615 78
664 318
119 958
733 814
94 596
711 747
22 573
13 236
920 896
209 482
723 202
904 749
660 758
256 641
691 389
654 397
393 798
175 320
114 800
248 869
215 423
157 5
156 113
368 490
559 507
354 470
715 577
40 381
527 599
169 100
390 41
562 134
654 528
382 924
652 453
45 912
186 702
343 181
8 550
470 50
960 648
923 162
487 569
653 408
368 185
706 924
641 503
921 526
652 270
895 188
983 648
491 901
471 991
212 533
417 972
332 916
544 275
74 198
256 942
576 98
744 422
688 817
690 569
107 753
901 107
279 528
378 982
392 920
874 20
998 664
201 378
907 897
303 958
462 913
883 517
903 173
521 433
479 951
316 387
123 912
218 812
258 331
267 543
727 976
398 784
895 757
261 505
565 354
175 370
140 877
625 877
669 740
896 961
98 987
426 895
174 31
437 632
735 327
664 200
729 73
707 885
9 77
117 653
800 515
703 914
879 581
101 848
873 32
992 396
313 355
827 655
446 591
420 290
450 163
599 19
401 583
62 541
938 293
761 426
595 889
480 453
315 943
589 277
928 390
500 365
534 753
486 104
798 793
629 909
907 302
97 292
69 396
936 134
521 135
456 741
192 399
759 815
153 884
494 958
429 707
241 294
959 574
581 566
321 803
273 429
909 855
864 979
960 580
57 16
352 651
637 123
635 557
425 816
632 448
494 188
894 651
395 742
451 140
592 747
76 56
476 156
668 166
569 30
771 701
724 908
995 914
464 126
737 140
320 475
164 927
537 399
182 69
235 15
371 708
577 783
607 869
183 279
337 92
192 847
482 520
411 589
607 91
936 538
420 691
301 394
114 37
831 820
757 180
933 166
188 881
111 827
556 464
731 313
482 574
444 426
535 765
608 321
600 503
841 862
705 320
946 473
523 372
897 580
680 597
537 581
654 388
25 519
111 753
735 156
848 52
304 699
877 735
231 946
209 378
362 960
759 591
931 65
267 25
164 221
976 552
481 382
355 30
315 454
389 288
883 806
185 735
56 847
658 234
482 883
137 813
9 88
660 436
462 116
737 681
288 565
121 56
78 223
989 114
745 763
426 0
720 750
490 477
33 362
552 361
221 374
450 666
17 79
732 939
631 98
975 987
801 904
877 529
855 547
992 400
606 619
608 450
369 103
719 543
125 983
727 956
973 933
393 636
930 743
43 521
970 485
391 790
79 82
484 661
882 655
645 738
745 933
343 835
465 648
296 969
198 206
667 767
364 462
246 424
573 277
660 910
82 316
525 986
947 532
109 618
793 347
325 639
828 281
591 732
993 712
615 574
968 619
604 637
588 704
187 860
12 993
372 757
247 669
772 270
901 950
645 809
127 955
50 330
324 141
612 832
289 244
806 321
945 805
526 610
588 826
739 869
380 720
559 372
321 486
324 775
919 135
460 403
318 525
378 624
966 621
184 642
734 232
110 789
421 817
792 728
185 495
197 590
448 479
535 319
965 69
45 477
129 240
905 784
249 798
29 197
998 696
523 972
106 301
156 944
201 536
290 652
891 543
584 562
63 489
549 762
130 955
448 832
510 966
467 51
621 629
677 882
615 474
960 387
840 693
693 688
38 481
227 654
30 226
681 785
610 89
522 278
525 598
472 179
139 6
64 596
172 162
759 847
258 547
559 172
125 537
6 641
415 269
207 774
766 553
736 567
178 698
427 372
517 617
246 54
765 117
857 853
668 718
159 970
586 509
207 696
37 288
113 494
403 250
611 51
552 905
755 90
263 605
403 826
810 859
317 375
117 188
384 133
735 874
824 876
971 197
136 46
37 714
932 539
853 275
935 671
338 219
682 441
24 851
687 540
479 796
594 967
433 791
266 120
856 524
45 346
122 533
923 624
819 861
477 667
511 482
501 412
622 766
779 230
748 652
522 40
939 448
885 684
792 228
59 775
817 479
522 701
387 542
474 282
183 286
421 789
747 425
78 397
820 750
124 428
404 988
518 584
609 973
739 126
463 116
999 628
730 290
39 722
106 895
505 757
271 473
495 854
505 678
30 123
798 223
523 825
194 184
361 39
893 2
638 206
480 349
52 476
515 679
994 813
715 910
581 494
121 782
141 371
758 764
819 466
884 687
241 757
98 521
940 819
148 494
386 411
903 736
391 955
554 534
933 831
226 830
157 526
564 359
539 404
273 239
532 29
804 541
974 886
200 552
531 952
323 425
853 552
651 343
856 739
635 107
197 736
163 55
83 643
247 881
796 402
586 7
359 436
378 200
76 663
731 349
217 86
817 299
39 857
157 904
340 760
51 764
349 991
156 779
374 623
603 413
446 795
18 91
734 652
469 988
837 487
34 591
938 288
571 101
1 587
87 511
661 0
504 643
327 381
87 685
860 77
205 164
509 189
727 350
144 60
927 649
813 862
256 20
324 533
216 712
124 768
733 112
7 882
719 669
94 184
422 485
338 860
334 923
735 448
790 653
167 266
8 358
381 382
502 201
462 396
110 266
122 352
663 857
490 158
468 353
970 332
470 658
905 63
599 346
372 447
342 513
832 594
203 250
746 15
799 204
683 459
230 107
9 33
620 313
721 42
256 462
855 415
234 792
159 367
188 200
924 288
771 534
937 780
832 26
500 126
747 517
800 583
481 752
512 516
439 542
804 312
736 382
755 150
706 931
321 517
648 887
705 811
225 341
287 663
964 599
763 766
202 826
382 103
146 114
369 159
292 56
478 645
570 900
360 627
310 890
132 835
334 961
16 728
817 801
196 86
573 134
576 764
359 798
111 428
741 371
59 26
29 722
27 450
934 341
115 165
296 77
651 218
265 361
835 439
213 732
318 463
938 878
998 532
299 472
718 571
296 619
132 943
122 172
658 628
536 399
39 865
635 535
756 20
478 622
784 402
491 729
645 561
614 888
354 573
846 68
43 655
59 273
796 159
962 872
346 14
429 203
632 365
848 427
528 341
107 694
962 365
919 466
477 47
10 121
927 850
440 251
672 287
456 478
442 294
906 680
147 282
852 860
186 63
479 783
566 14
20 444
830 192
984 518
789 873
311 682
455 707
392 600
584 199
22 845
253 852
525 340
120 890
995 304
842 617
406 855
333 129
873 486
505 410
264 882
968 606
557 341
126 386
154 707
265 158
67 711
912 796
592 82
1 45
541 822
879 493
249 516
512 299
309 191
8 76
2 611
65 422
826 837
164 985
922 961
797 485
733 89
429 899
43 694
594 998
940 291
433 677
220 375
207 29
838 330
622 509
388 256
119 949
324 902
248 702
649 538
667 720
924 59
431 917
250 427
548 170
960 625
140 85
693 869
123 546
91 290
394 296
332 696
233 590
319 832
226 597
424 96
790 194
440 454
85 805
334 686
155 185
954 872
396 8
110 246
819 996
995 178
195 922
778 423
676 363
167 606
1 29
188 671
470 830
655 930
264 392
357 513
735 460
966 718
659 736
161 149
868 929
513 334
882 751
897 186
258 917
622 573
115 993
800 622
849 512
500 771
267 862
472 695
19 225
123 837
754 968
524 74
689 506
118 863
620 199
355 974
596 384
653 796
457 655
276 166
96 456
670 747
282 58
756 727
243 365
724 894
304 195
407 439
463 597
651 901
194 925
83 894
830 593
760 609
179 99
96 154
340 101
468 731
519 549
825 624
351 25
58 120
356 193
709 708
604 266
684 832
317 88
810 561
411 126
514 695
442 272
400 795
847 877
220 979
959 958
786 362
479 769
793 378
249 714
119 483
183 96
759 905
891 288
581 92
998 828
132 591
404 157
140 873
190 534
497 806
160 1
536 164
913 463
951 434
704 383
198 749
197 367
674 793
507 197
360 493
210 339
404 708
355 238
11 176
574 134
451 855
992 601
651 779
681 149
475 739
947 268
515 207
268 65
476 672
260 791
138 797
155 537
174 329
694 868
557 113
883 41
991 958
259 932
0 843
566 215
294 105
347 505
90 792
498 322
607 384
504 222
51 310
992 817
237 693
26 267
274 886
752 503
444 868
845 302
154 536
546 294
384 280
604 464
652 246
941 756
749 838
247 534
16 404
994 815
634 743
716 350
108 568
206 31
255 907
79 201
43 226
593 955
169 533
723 307
66 126
289 871
209 408
8 44
379 643
219 668
647 9
775 443
478 833
165 908
7 531
398 78
364 713
322 510
538 751
938 292
853 827
358 231
937 344
103 229
364 582
388 948
524 462
218 988
91 736
190 891
853 536
615 235
923 929
453 152
700 620
863 938
192 220
573 502
785 202
596 15
340 361
940 223
429 89
869 889
478 657
312 445
459 730
108 739
150 118
601 145
792 943
705 393
916 606
978 257
161 495
826 538
350 271
479 9
273 857
902 464
434 587
567 109
763 347
146 233
94 368
569 852
93 906
966 477
14 624
573 133
859 257
475 210
294 601
904 40
643 575
314 652
584 743
847 391
193 467
32 681
492 831
682 635
785 845
969 742
504 431
369 756
916 392
705 78
36 622
502 303
792 182
926 755
951 832
925 785
178 206
632 251
758 452
600 981
522 608
602 302
713 858
696 784
90 34
962 532
726 356
852 423
279 627
777 904
869 713
101 705
295 548
717 768
612 563
186 2
427 13
265 581
856 12
253 154
173 122
415 475
698 811
603 290
451 658
732 278
121 802
161 273
205 393
632 642
12 364
178 987
344 478
44 724
7 303
375 149
916 166
782 50
8 104
531 294
456 93
435 399
574 194
192 670
245 149
908 529
424 465
294 948
575 628
559 810
492 356
399 967
762 113
357 518
193 797
934 969
404 394
689 408
408 78
279 957
690 469
546 998
926 387
850 751
192 886
591 190
278 184
120 20
922 960
239 3
849 544
178 48
600 561
923 351
597 849
543 519
884 993
113 545
945 804
260 456
996 968
133 715
881 657
102 97
980 293
844 137
584 439
381 325
867 453
795 93
472 827
20 760
467 762
220 880
977 243
941 500
446 279
114 3
612 554
227 71
912 853
650 103
598 787
749 628
271 296
998 645
168 792
94 893
910 513
964 372
31 552
150 875
678 253
304 890
370 249
29 177
441 31
748 417
198 538
821 516
111 183
382 454
264 29
194 554
712 593
28 26
655 490
125 263
273 297
510 165
151 216
267 815
667 538
472 810
81 87
184 958
366 474
137 227
415 733
598 941
144 58
276 693
785 0
364 250
348 54
781 98
810 355
216 555
468 232
1 989
680 932
562 488
342 993
525 746
688 716
574 616
286 505
983 805
189 727
68 650
362 239
12 916
776 493
924 263
909 744
34 157
334 800
950 527
469 417
281 250
714 171
225 844
962 577
934 545
315 966
180 211
165 390
78 899
301 723
913 277
629 825
309 814
453 285
188 311
917 464
427 476
388 27
923 614
152 244
275 820
458 41
108 680
421 815
809 704
160 171
442 377
886 792
100 898
537 935
740 403
236 705
974 946
359 459
787 941
550 930
1 693
434 664
623 756
50 984
223 76
791 490
212 182
252 163
392 544
957 597
425 471
543 41
818 748
91 891
63 893
380 468
163 946
359 400
672 152
443 350
94 686
685 918
865 359
291 163
430 446
701 174
567 960
711 758
580 358
993 562
495 598
79 954
721 751
206 578
569 951
646 450
707 392
311 543
82 780
224 611
281 774
836 724
985 242
83 699
292 859
426 406
720 250
171 995
740 794
645 756
380 405
209 687
805 932
241 810
457 45
309 120
34 525
315 831
19 120
842 356
229 891
525 2
212 350
982 206
302 392
760 330
572 904
293 44
21 280
767 569
933 45
263 693
910 438
695 902
165 300
263 518
467 425
629 367
182 27
102 203
117 480
88 3
910 106
651 969
709 510
77 6
801 224
382 126
542 690
916 598
191 869
182 445
622 234
500 393
26 52
764 634
946 790
959 908
526 432
896 608
318 632
781 384
489 403
173 925
675 686
463 819
804 548
758 546
735 746
454 857
476 925
563 422
803 644
23 582
213 145
969 441
975 324
696 900
921 101
554 701
27 223
936 212
448 944
737 721
978 745
157 722
829 366
347 389
291 947
165 481
171 705
784 759
428 38
686 936
924 636
714 927
157 402
611 46
856 595
210 601
865 357
914 775
50 658
907 716
985 140
588 360
331 323
440 391
875 169
206 241
81 698
169 629
335 90
600 906
822 972
781 434
486 551
485 221
475 88
891 239
83 853
94 612
912 918
709 272
991 623
362 684
710 928
367 413
776 174
401 776
729 919
163 42
593 814
285 147
163 916
969 610
244 995
989 22
885 247
644 181
972 126
871 798
297 399
781 7
512 165
614 286
723 57
588 676
402 654
625 82
124 630
532 169
203 672
240 739
366 251
437 158
565 479
790 470
360 66
866 370
363 952
625 192
955 47
763 464
572 963
952 349
259 284
926 805
83 814
178 117
26 724
972 815
818 749
677 77
849 766
456 799
866 86
903 770
196 759
217 814
129 8
534 330
875 769
516 931
78 749
575 21
140 519
896 891
710 958
980 306
735 8
693 374
327 46
286 831
793 254
641 551
790 621
375 748
518 249
672 982
60 922
862 937
155 225
580 824
967 307
460 727
300 735
331 233
2 266
42 45
458 261
148 806
895 660
259 423
584 69
722 468
776 943
384 117
833 212
330 603
218 836
318 870
799 720
49 642
545 292
74 884
593 660
469 678
341 509
394 630
723 847
346 489
366 421
943 551
95 84
170 226
307 370
576 437
622 171
411 57
266 619
279 465
985 917
928 797
176 738
501 785
879 75
442 586
773 185
646 856
411 647
18 320
684 163
212 781
233 660
299 901
289 260
775 767
194 910
190 91
386 398
526 117
998 964
626 722
973 228
849 524
355 562
843 125
148 724
307 244
616 862
881 655
567 202
415 758
459 741
338 601
265 593
108 585
570 988
971 288
572 147
755 182
95 502
921 580
209 740
32 734
55 156
854 503
248 982
33 392
603 626
271 490
672 175
775 288
413 727
716 732
725 742
484 627
368 15
662 620
237 437
400 509
593 135
718 323
609 354
380 36
64 46
476 982
123 894
16 946
405 488
234 795
947 255
764 476
511 206
455 198
43 968
441 179
15 543
641 720
735 0
590 785
247 423
730 369
404 686
231 483
171 378
502 979
516 524
178 320
835 780
201 122
249 28
463 624
554 693
899 781
385 562
173 582
701 731
737 20
981 208
250 264
372 52
559 158
734 258
586 727
511 36
43 872
872 13
513 878
878 555
809 779
731 654
643 723
279 995
103 202
147 962
535 799
33 377
641 756
894 625
207 133
156 63
820 99
19 380
707 539
549 831
636 552
842 593
220 521
64 572
19 318
787 753
3 175
492 94
522 642
54 79
662 316
764 268
36 29
859 882
428 636
630 320
245 674
49 956
721 197
816 871
381 944
149 989
897 56
198 190
299 382
660 442
890 139
342 700
992 262
2 243
26 862
528 120
242 174
285 23
799 763
108 801
124 525
926 231
508 375
958 982
17 184
688 473
303 968
133 375
252 995
949 279
243 448
306 328
728 803
100 787
398 570
381 176
593 257
785 223
319 251
550 886
793 928
878 85
712 647
487 455
259 328
16 128
32 428
994 803
542 656
375 765
698 577
398 557
663 285
460 952
529 241
525 81
997 453
693 365
239 742
452 429
832 566
354 412
838 857
27 903
956 986
136 381
110 555
777 44
27 60
567 22
953 227
981 24
407 780
962 429
999 8
837 700
779 280
36 696
375 733
817 650
835 196
790 231
699 109
370 678
955 392
309 340
159 54
870 97
458 968
126 160
517 750
383 548
207 750
703 725
102 138
43 558
574 740
1 706
854 497
961 907
991 69
137 455
516 995
307 665
153 712
152 713
289 793
106 760
135 415
55 137
737 412
597 746
460 991
421 861
91 274
557 776
411 693
611 151
705 601
192 675
48 929
518 736
920 429
529 356
319 777
6 938
551 655
973 492
995 235
528 959
278 669
687 634
873 173
912 87
471 701
824 878
948 770
399 944
569 74
280 252
941 211
640 411
163 363
3 264
456 561
231 307
916 368
962 101
738 199
437 694
84 206
306 47
97 348
987 739
827 873
132 41
179 277
132 664
914 684
836 633
601 474
939 758
162 750
237 639
670 527
938 319
16 137
160 131
549 607
611 21
637 197
205 280
595 121
827 460
406 134
568 273
325 611
91 96
243 323
736 173
929 615
623 434
111 278
88 581
699 701
192 647
925 593
842 449
94 132
878 220
85 97
431 403
448 603
952 390
112 956
643 962
634 878
904 362
979 33
885 847
251 132
216 434
701 140
597 31
690 816
65 198
775 923
777 54
135 118
360 257
946 510
942 652
362 388
512 146
593 773
481 108
513 51
758 14
837 337
920 547
87 274
698 868
316 471
88 911
274 479
27 606
37 785
57 119
701 455
369 694
313 137
711 297
91 986
429 252
980 454
154 978
235 404
90 277
694 977
945 421
495 690
880 679
435 146
643 373
346 430
997 639
773 240
794 555
567 506
148 313
233 697
668 366
969 540
1 129
316 299
125 253
540 385
92 441
38 840
823 556
765 953
283 668
231 427
109 492
469 965
986 499
583 959
863 627
35 198
419 104
111 365
504 313
417 175
608 794
786 202
92 114
512 851
661 811
487 550
324 381
40 78
510 341
252 43
781 279
743 946
84 850
421 770
245 831
711 479
573 326
869 480
416 278
425 101
796 523
872 79
746 192
820 209
977 807
791 113
604 201
787 55
483 755
202 922
70 348
84 759
230 215
17 610
555 981
456 140
69 967
997 295
745 116
574 45
547 874
660 512
44 297
321 395
681 998
82 98
189 923
967 523
911 792
661 29
56 569
681 443
223 322
313 83
678 600
864 639
951 884
324 987
453 474
931 471
788 890
754 278
725 662
924 868
936 896
573 156
291 752
425 478
284 649
696 612
7 451
723 10
579 134
637 672
348 357
622 909
598 927
614 65
615 500
59 989
283 517
448 493
772 824
135 64
722 200
689 973
119 966
668 653
848 5
172 377
887 738
835 71
695 455
275 769
499 248
4 154
166 786
355 565
532 476
978 779
344 773
631 454
167 593
249 547
39 918
748 393
315 342
45 176
577 894
180 663
873 96
883 232
655 922
263 291
23 113
164 432
519 367
446 168
736 942
156 595
917 353
891 260
926 475
402 686
110 156
32 175
17 128
309 382
988 655
135 964
139 741
328 728
316 378
958 831
226 233
401 962
738 584
961 79
672 450
965 371
982 704
983 372
904 44
74 129
165 301
185 821
560 781
117 531
627 749
273 576
238 127
291 983
935 994
130 853
779 705
615 424
161 703
962 944
339 591
94 450
160 22
286 861
107 557
847 25
454 673
251 651
292 138
770 806
98 479
626 881
834 824
705 957
688 641
728 0
324 869
387 804
564 115
876 947
69 414
307 705
17 133
745 72
999 407
803 164
424 88
630 373
446 468
555 197
729 452
697 347
802 266
743 445
104 748
628 154
598 97
365 138
904 244
43 553
111 262
757 896
508 460
803 809
222 159
919 402
389 198
505 537
30 535
366 239
780 472
630 803
961 440
297 76
682 477
110 672
195 433
153 887
568 425
587 299
921 356
796 519
410 8
646 384
804 643
2 219
129 647
856 928
726 87
488 566
512 749
683 265
607 309
693 967
273 555
612 523
77 820
103 685
691 976
168 468
650 884
215 499
669 63
527 672
46 307
476 372
771 279
434 115
161 185
944 35
812 528
279 269
679 753
740 254
443 735
546 785
771 193
133 936
475 138
562 569
121 797
824 715
732 884
688 627
161 433
754 718
284 539
4 920
168 593
618 67
667 298
927 69
975 354
288 424
877 335
750 751
645 831
207 430
481 202
748 451
788 470
280 70
240 315
207 789
461 453
674 371
566 830
748 338
646 593
874 226
10 393
440 55
40 189
259 88
840 270
211 304
672 68
781 825
961 894
794 985
652 612
350 953
644 297
289 692
945 684
689 800
3 542
209 625
829 72
641 904
875 815
59 600
970 699
873 737
913 398
483 199
8 648
336 110
371 181
954 344
519 542
915 225
480 947
107 483
409 230
252 714
325 591
129 972
700 283
985 603
768 685
756 633
522 202
558 10
444 86
106 949
578 633
141 898
586 867
531 165
309 820
905 888
544 871
799 871
936 213
342 809
795 700
870 954
231 823
637 700
336 141
163 315
941 624
674 163
181 684
752 80
397 282
451 2
360 458
240 539
486 906
806 988
199 129
111 699
460 379
74 384
515 489
936 43
522 388
914 6
537 372
409 84
587 128
202 840
437 689
556 645
545 991
191 793
41 695
201 920
603 948
683 485
594 163
384 548
445 307
862 936
727 842
417 767
502 206
599 131
97 600
613 66
88 529
204 665
521 143
603 387
482 690
263 528
577 625
539 578
699 179
96 707
364 212
374 375
318 710
680 599
252 258
133 140
815 383
249 819
758 76
942 184
191 679
357 290
813 201
610 314
201 27
462 245
890 819
787 950
396 483
482 582
759 507
521 756
815 661
588 765
319 743
762 78
691 415
719 77
473 416
143 683
984 862
228 3
637 199
465 520
220 445
905 378
770 810
552 608
417 74
712 571
157 285
781 94
264 384
90 230
366 980
11 194
750 824
231 202
115 573
322 739
577 423
447 797
894 431
792 704
995 913
621 915
273 856
695 105
0 902
190 22
23 601
260 255
913 753
904 596
348 165
816 640
708 403
898 531
674 602
171 875
502 211
762 658
152 256
503 994
458 809
449 3
698 619
723 335
872 467
795 633
837 6
583 468
827 29
56 7
155 804
318 886
975 582
203 232
400 291
426 826
534 167
73 46
475 886
514 577
228 323
858 751
308 116
259 812
889 314
157 147
34 75
604 405
203 495
673 437
638 896
828 336
634 255
303 806
191 625
957 388
699 599
123 967
921 220
833 261
333 337
590 803
232 124
816 55
558 508
650 806
208 657
201 243
817 213
373 548
115 956
300 501
752 245
343 847
764 727
395 575
951 954
628 35
67 620
493 535
731 398
584 877
416 675
934 241
923 571
121 774
169 27
349 238
553 739
312 664
438 421
479 590
803 400
777 663
620 734
89 279
386 495
614 821
446 793
218 993
345 747
179 227
355 951
115 960
540 930
982 210
738 243
331 110
538 890
903 546
513 287
968 160
776 270
511 25
528 518
324 313
334 139
474 755
262 856
74 951
907 472
20 431
707 329
372 328
747 922
775 419
86 164
740 996
112 110
474 985
506 101
552 727
388 936
23 982
190 69
644 103
581 155
581 451
255 70
136 178
139 341
465 584
961 226
519 223
891 122
642 84
537 624
235 47
917 585
26 72
402 228
750 260
174 282
16 52
202 451
949 465
22 625
913 333
730 417
87 744
904 581
750 657
575 477
363 573
323 702
121 373
32 861
724 633
879 350
512 920
58 318
972 123
967 963
287 949
285 527
968 760
559 870
943 258
624 199
174 408
419 838
175 729
820 13
58 892
924 799
809 822
386 587
191 31
462 230
806 500
907 643
857 829
452 931
300 848
653 964
974 108
519 859
750 873
824 294
494 32
279 607
24 720
690 894
950 367
393 25
851 361
721 100
473 919
147 424
242 957
302 954
403 47
900 583
290 641
340 372
741 332
645 985
909 247
715 172
915 693
51 238
951 919
21 176
100 529
505 168
686 502
86 389
872 19
837 188
788 813
469 159
497 948
706 596
482 770
338 16
708 561
894 684
656 134
379 238
124 108
65 491
689 215
469 113
964 681
769 319
939 283
256 953
40 819
198 20
27 493
881 432
986 295
814 983
710 608
895 243
496 999
996 755
820 122
439 652
400 661
547 909
341 696
971 247
680 773
578 79
574 328
602 583
605 399
461 540
390 622
219 267
751 643
443 731
383 587
229 824
599 180
666 245
27 574
411 286
354 737
771 861
730 373
738 354
458 583
993 529
997 807
120 696
461 520
461 241
897 271
386 509
707 793
764 856
302 744
849 964
67 667
593 317
978 759
962 323
862 176
539 750
356 762
770 311
670 924
740 488
863 314
358 214
850 546
546 599
83 678
429 20
559 202
914 777
248 964
720 318
599 150
440 224
277 610
454 94
899 843
249 124
737 562
590 36
286 530
830 492
786 819
860 691
246 671
829 386
13 928
631 211
450 187
529 658
179 150
631 638
891 901
366 885
90 990
421 918
665 354
422 669
171 542
356 239
602 102
627 553
781 505
452 980
84 506
216 263
407 714
822 632
312 978
110 248
825 655
836 696
687 606
430 681
77 119
896 431
328 164
315 944
265 651
721 353
623 593
881 216
118 254
262 966
40 468
189 514
52 946
665 931
736 667
707 416
729 978
368 676
10 39
396 123
282 49
51 151
466 403
812 348
812 404
426 324
925 274
940 166
992 229
581 526
979 762
673 430
141 873
224 716
89 467
76 760
431 778
11 699
89 882
149 258
967 787
875 590
802 494
948 153
695 518
584 302
771 284
36 720
214 513
408 715
493 93
729 382
572 398
215 763
811 108
210 967
389 291
799 400
206 472
594 444
615 255
692 552
942 6
187 735
63 649
542 168
981 813
306 73
102 714
200 202
114 653
536 876
592 647
821 532
391 699
13 46
150 924
403 87
604 198
633 906
588 3
539 182
519 588
743 770
432 997
326 136
288 331
603 726
739 595
315 979
152 572
456 516
723 881
129 736
251 38
966 316
941 499
583 311
148 973
915 224
961 234
614 799
759 921
539 436
633 744
486 165
499 882
977 495
979 378
489 326
177 404
407 192
156 114
882 885
253 841
201 765
361 725
788 449
283 796
749 821
531 856
573 660
