200 100000 764
90001 90000
89751 89750
10002 10001
89501 89500
10254 10252
89251 89250
10506 10503
89001 89000
10758 10754
88751 88750
11010 11005
88501 88500
11262 11256
88251 88250
11514 11507
88001 88000
11766 11758
87751 87750
12018 12009
87501 87500
12270 12260
87251 87250
12522 12511
87001 87000
12774 12762
86751 86750
13026 13013
86501 86500
13278 13264
86251 86250
13530 13515
86001 86000
13782 13766
85751 85750
14034 14017
85501 85500
14286 14268
85251 85250
14538 14519
85001 85000
14790 14770
84751 84750
15042 15021
84501 84500
15294 15272
84251 84250
15546 15523
84001 84000
15798 15774
83751 83750
16050 16025
83501 83500
16302 16276
83251 83250
16554 16527
83001 83000
16806 16778
82751 82750
17058 17029
82501 82500
17310 17280
82251 82250
17562 17531
82001 82000
17814 17782
81751 81750
18066 18033
81501 81500
18318 18284
81251 81250
18570 18535
81001 81000
18822 18786
80751 80750
19074 19037
80501 80500
19326 19288
80251 80250
19578 19539
80001 80000
19830 19790
79751 79750
20082 20041
79501 79500
20334 20292
79251 79250
20586 20543
79001 79000
20838 20794
78751 78750
21090 21045
78501 78500
21342 21296
78251 78250
21594 21547
78001 78000
21846 21798
77751 77750
22098 22049
77501 77500
22350 22300
77251 77250
22602 22551
77001 77000
22854 22802
76751 76750
23106 23053
76501 76500
23358 23304
76251 76250
23610 23555
76001 76000
23862 23806
75751 75750
24114 24057
75501 75500
24366 24308
75251 75250
24618 24559
75001 75000
24870 24810
74751 74750
25122 25061
74501 74500
25374 25312
74251 74250
25626 25563
74001 74000
25878 25814
73751 73750
26130 26065
73501 73500
26382 26316
73251 73250
26634 26567
73001 73000
26886 26818
72751 72750
27138 27069
72501 72500
27390 27320
72251 72250
27642 27571
72001 72000
27894 27822
71751 71750
28146 28073
71501 71500
28398 28324
71251 71250
28650 28575
71001 71000
28902 28826
70751 70750
29154 29077
70501 70500
29406 29328
70251 70250
29658 29579
70001 70000
29910 29830
69751 69750
30162 30081
69501 69500
30414 30332
69251 69250
30666 30583
69001 69000
30918 30834
68751 68750
31170 31085
68501 68500
31422 31336
68251 68250
31674 31587
68001 68000
31926 31838
67751 67750
32178 32089
67501 67500
32430 32340
67251 67250
32682 32591
67001 67000
32934 32842
66751 66750
33186 33093
66501 66500
33438 33344
66251 66250
33690 33595
66001 66000
33942 33846
65751 65750
34194 34097
65501 65500
34446 34348
65251 65250
34698 34599
68451 68450
199 139
123 37
94 148
102 61
107 19
25 152
171 151
87 73
194 3
172 27
144 180
162 11
21 50
83 174
34 143
36 33
186 169
80 9
157 182
81 122
20 69
98 194
104 192
47 148
51 6
6 76
54 118
8 24
101 17
71 21
147 137
150 8
82 196
115 109
167 197
113 197
12 191
194 136
0 86
34 182
38 140
149 113
62 129
163 116
90 89
119 3
105 123
156 48
86 139
189 22
160 107
124 188
7 148
4 194
69 13
58 44
176 96
148 180
43 182
61 108
153 139
7 145
67 114
195 188
89 20
9 115
39 124
54 99
58 105
38 50
87 156
113 98
102 131
53 199
17 18
182 16
87 26
84 115
161 6
25 9
158 157
103 143
83 33
144 78
6 94
3 125
168 32
192 178
13 50
81 194
55 45
134 1
170 15
92 81
34 17
186 13
0 107
17 24
130 152
12 5
97 94
95 91
171 20
15 189
43 139
185 11
14 11
191 172
7 112
83 18
75 74
109 19
35 152
48 133
138 103
80 38
34 142
36 135
129 147
89 124
5 138
63 54
152 13
23 19
179 142
59 87
28 177
110 152
102 164
198 55
144 86
12 149
79 130
196 8
96 188
35 91
7 191
110 41
169 148
183 69
54 72
113 119
160 114
154 144
42 109
55 26
22 33
83 35
181 142
48 66
3 79
70 96
117 103
127 186
25 172
93 179
110 49
99 191
21 70
166 15
187 42
145 198
86 35
33 170
28 160
146 35
42 161
7 106
22 28
76 23
63 79
122 51
89 104
9 117
103 191
175 52
149 145
20 131
172 58
195 6
58 73
16 106
142 189
12 142
193 150
4 189
120 4
89 74
40 15
94 109
148 60
54 24
50 40
87 180
41 109
110 94
96 59
141 136
97 174
50 70
121 36
146 25
13 64
55 121
198 183
154 120
139 24
166 19
23 153
91 61
122 168
149 7
163 100
145 45
115 55
172 157
2 185
109 7
30 6
68 49
140 143
198 50
82 97
43 67
49 38
118 195
137 157
19 20
24 146
137 102
112 19
197 115
88 159
187 100
55 150
4 86
168 20
154 35
100 96
176 199
35 51
60 56
104 155
126 170
167 12
109 47
46 190
184 76
87 112
127 102
114 157
77 124
171 64
71 164
129 19
47 128
165 88
38 31
104 130
193 14
197 13
144 130
100 84
157 198
159 29
177 187
83 177
123 195
152 63
148 146
195 54
15 147
117 147
84 170
195 191
35 126
95 186
146 60
57 110
178 65
117 33
111 29
151 28
112 47
45 126
118 184
92 68
62 134
32 150
196 105
81 120
195 186
31 181
51 103
176 39
139 103
182 94
95 25
126 75
7 75
175 47
5 157
164 140
33 62
164 89
114 11
46 115
138 168
81 116
14 58
96 83
51 46
171 149
134 188
165 115
27 127
4 174
156 130
6 106
66 185
36 84
72 142
133 49
191 151
42 49
183 92
183 195
15 37
17 98
99 9
90 64
172 50
67 77
100 116
122 55
123 31
20 54
176 129
25 158
199 159
27 2
6 166
13 74
176 157
143 8
165 151
108 172
32 198
126 164
125 5
85 138
111 146
141 119
51 115
166 25
165 152
158 122
51 159
66 52
26 168
66 152
1 89
137 126
14 63
26 81
43 175
30 101
137 108
139 19
94 34
101 105
142 66
84 138
116 85
29 133
176 52
160 179
5 108
65 62
53 118
94 165
110 25
78 168
96 174
102 32
25 79
187 139
96 171
76 12
66 137
25 59
87 172
198 8
176 69
183 62
95 158
57 196
191 159
9 182
142 28
177 141
104 54
175 198
184 60
183 32
69 136
189 126
97 134
77 10
116 34
147 99
8 31
164 28
165 77
124 101
165 177
130 155
19 70
104 173
114 176
88 31
83 157
0 103
192 52
16 48
119 104
193 54
197 168
122 32
162 192
119 27
63 65
157 188
10 162
41 163
63 142
163 175
163 117
57 15
1 62
78 142
155 0
84 49
5 60
154 125
41 24
68 165
30 76
17 99
155 160
77 81
78 175
109 126
151 42
48 144
192 140
11 171
56 26
26 62
165 127
4 153
100 155
81 183
108 49
123 169
162 76
77 71
155 68
41 87
77 78
22 141
169 88
47 114
130 42
14 92
95 41
168 145
182 191
195 141
115 192
21 41
163 191
59 76
122 170
137 103
189 100
120 64
198 160
136 111
111 173
148 12
21 16
160 119
63 60
73 6
92 49
169 93
111 103
99 140
57 173
104 181
31 50
66 7
137 28
189 37
132 122
40 5
167 91
155 102
198 82
158 91
139 66
167 48
18 104
119 73
161 68
109 198
127 197
62 187
96 80
152 100
193 143
54 74
52 56
22 24
42 28
121 192
77 191
116 172
97 158
123 32
168 175
9 75
73 90
193 102
167 54
197 105
112 28
183 111
21 121
92 105
23 107
84 183
104 106
122 94
68 189
30 168
177 119
153 112
36 166
169 108
30 109
84 182
85 37
64 178
52 94
73 187
177 11
183 101
64 102
33 107
128 51
74 22
114 135
133 116
24 148
73 84
58 189
55 166
197 91
178 164
25 81
29 122
9 53
67 120
118 25
9 189
78 60
141 26
188 13
187 135
107 147
167 117
25 120
127 180
167 16
59 190
11 83
156 120
139 79
56 182
132 155
135 73
194 172
91 183
72 133
127 17
158 45
4 64
59 130
106 125
47 124
142 80
102 48
168 92
113 184
7 47
179 109
4 159
75 198
170 4
73 139
31 43
62 139
18 53
9 145
176 117
29 131
7 12
93 153
41 122
167 152
54 153
105 51
45 129
55 27
105 113
36 8
126 31
196 160
19 190
104 59
182 106
62 99
9 114
168 130
70 48
112 93
96 189
127 35
126 81
53 97
121 15
17 115
188 138
167 184
79 188
67 79
98 109
141 171
82 147
147 5
43 40
125 139
66 71
74 102
111 46
162 56
108 170
130 5
68 77
32 152
11 69
52 129
143 94
112 2
103 31
86 46
11 100
103 10
134 0
12 105
167 93
38 161
40 34
174 17
157 153
178 57
93 111
70 51
118 26
6 120
191 40
132 17
181 152
41 146
53 77
100 2
37 55
150 165
165 7
55 131
104 84
175 66
42 37
37 134
54 155
152 39
105 55
160 126
173 30
65 170
63 82
132 38
1 125
38 169
110 17
3 164
13 135
65 197
114 98
184 152
57 122
81 44
180 105
191 79
145 192
73 40
67 72
121 164
81 137
165 164
85 89
134 85
16 129
26 167
32 149
121 149
132 152
96 158
119 199
171 78
102 6
189 28
150 29
40 114
124 110
137 153
47 171
99 72
38 164
48 125
180 160
112 33
125 44
196 141
145 43
12 85
146 36
122 65
196 154
164 128
17 146
17 157
112 184
105 120
141 36
180 107
10 43
100 50
46 72
194 42
55 94
102 139
