400 9486367 1728
31860 76620
11884 28868
10492 25484
901 2502
43580 104660
9004 21908
6700 16500
29940 71980
7484 18268
5932 14564
7900 19300
6564 16028
6596 16092
8172 19844
5324 13148
8436 20572
7332 17964
6972 17044
7668 18636
6524 15948
6244 15388
635 1970
5396 13292
13596 32892
51188 122676
13684 33068
8596 20892
156840 375380
7900 19300
6460 15820
14132 34164
4980 12260
5216 12932
6276 15452
701 2102
3084 7868
6924 16948
5500 13500
3148 7996
47844 114788
226844 542788
25748 61996
7012 17124
3440 8580
15580 37660
314 1128
2852 7204
15500 37500
9348 22796
17768 42836
16396 39692
16540 39980
395124 944948
10196 24692
6652 16204
4848 11996
74372 178244
4556 11212
4900 12100
3508 8716
3820 9540
5460 13420
16564 40028
3896 9692
3832 9564
9012 21924
4428 10956
57796 138492
12052 29204
7052 17204
85864 205628
5068 12436
10484 25468
4516 11132
3620 9140
18052 43604
21 542
15804 38108
19020 45940
170844 408788
3732 9364
2920 7340
4120 10340
6828 16756
26252 63204
11676 28252
19916 47932
65488 156876
7172 17644
3772 9444
132868 318036
8332 20364
5308 13116
3780 9460
5208 12916
56788 136076
7172 17644
7868 19236
31412 75524
9252 22604
12276 29652
3712 9324
4516 11132
105876 253452
20084 48468
11492 27884
49092 117684
83452 199804
71372 171044
66572 159644
25268 60836
64292 154084
21228 51156
16812 40524
19260 46420
7740 18980
5632 13964
3256 8212
15580 37660
4824 11948
59700 143100
14500 35100
7208 17716
6028 14756
75716 181332
22364 53828
7636 18572
6444 15788
5192 12884
7388 18076
33156 79612
3032 7564
6628 16156
7036 17172
3200 8100
7300 17900
4452 11004
26364 63428
14036 33972
16932 40964
5788 14276
70476 168852
4552 11204
33980 81660
19300 46500
39628 95156
4484 11068
55044 131988
574 1848
29644 71188
9460 23020
106284 254468
304 1108
3580 8860
6308 15516
10492 25484
12820 31140
14436 34972
5044 12388
1155 3210
12468 30236
4380 10860
9876 24052
8752 21404
8676 21052
42848 102796
22844 54988
6244 15388
314 1128
314 1128
314 1128
314 1128
314 1128
314 1128
387480 926660
314 1128
314 1128
314 1128
314 1128
314 1128
15996 38692
8372 20444
65488 156876
304 1108
4756 11812
5012 12324
304 1108
314 1128
314 1128
314 1128
314 1128
314 1128
314 1128
314 1128
304 1108
1208 3316
47728 114556
314 1128
314 1128
314 1128
314 1128
314 1128
314 1128
104036 249172
5248 12996
312 1124
24468 58836
7716 18932
30180 72460
4824 11948
1120 3140
11496 27892
4916 12132
14428 34956
24948 59996
41100 98700
28692 69084
826 2352
3073 7846
7684 18868
5604 13708
17188 41476
34828 83756
7540 18380
8004 19508
2648 6796
5124 12748
3096 7892
166516 398532
13756 33212
9980 24260
15980 38660
9056 22012
5052 12404
8212 20124
11164 27028
13036 31572
23596 56892
2028 5156
7584 18468
5772 14244
4124 10348
5368 13236
4364 10828
5604 13708
8500 20700
7676 18652
8636 20972
4588 11276
4152 10404
4860 12020
5484 13468
8636 20972
5140 12780
236380 565460
116500 278900
36480 87660
16968 41036
5232 12964
13280 32060
138032 330364
9044 21988
22028 53156
4632 11564
13196 31892
65404 156708
28940 69580
865 2430
45988 110276
670 2040
4820 11940
41356 99212
39844 95588
897 2494
4028 9956
7924 19348
47756 114612
47036 112772
25908 62316
4516 11132
29460 70820
7964 19428
16964 41028
22196 53492
68140 163380
80924 193948
63700 152700
20860 50220
1682 4464
16804 40508
3195 8090
60348 144596
1901 4902
67468 161636
4772 11844
11196 27092
25836 62172
49676 119252
6188 15276
15588 37676
4412 10924
26564 63828
16412 39724
8108 19716
6084 14868
9884 24068
4224 10548
14660 35420
25708 61916
39228 94156
40748 97796
40748 97796
64276 154052
114356 273812
14724 35548
4540 11180
11612 28124
4972 12244
10060 24420
14548 35196
3136 7972
9132 22164
5752 14204
10100 24500
12172 29444
24428 58756
3336 8372
4356 10812
8652 21004
14492 35084
8796 21492
6408 15716
6056 14812
10124 24548
387480 926660
18188 43876
7732 18964
9492 23084
7300 17900
10052 24404
19604 47308
6644 16188
107364 257028
91812 219924
4620 11540
42848 102796
33268 79836
13260 32020
6564 16028
6524 15948
13596 32892
13596 32892
47844 114788
226844 542788
226844 542788
226844 542788
226844 542788
85864 205628
170844 408788
56788 136076
6628 16156
10492 25484
104036 249172
14428 34956
14428 34956
22028 53156
22028 53156
22028 53156
25836 62172
11612 28124
11612 28124
11612 28124
85872 205644
1377 3654
1365820 3265540
562272 1344644
1445900 3457100
501060 1198220
106224 254348
492496 1177692
387824 927548
151320 362140
109924 263148
105696 253092
96404 230908
107732 257964
42140 101180
102896 246292
4036 9972
19616 47332
100948 241796
1417728 3389756
62604 150108
491820 1176140
33740 80980
25216 60732
111716 267532
400156 957012
108800 260500
1211040 2895580
364 54
326 217
122 206
265 132
257 230
350 262
3 58
225 95
160 118
165 163
389 289
129 239
13 224
143 118
168 110
238 310
358 325
392 116
254 49
324 179
342 296
303 189
276 6
17 86
170 125
290 254
115 365
208 80
282 23
43 15
118 44
282 129
147 78
255 123
327 11
29 279
189 389
342 65
157 123
23 123
389 331
258 22
189 369
126 144
108 290
380 341
29 218
306 151
4 177
93 290
6 68
373 304
180 290
313 302
127 28
26 214
230 10
370 314
235 367
216 151
40 378
272 373
347 237
333 373
289 136
80 107
19 376
288 368
178 293
304 14
392 322
319 274
360 30
189 374
307 232
117 149
78 152
382 136
366 276
296 288
189 229
262 170
69 118
341 360
332 58
42 144
244 392
336 134
180 206
239 257
109 242
99 112
136 377
132 57
18 235
267 141
183 94
23 278
378 21
348 96
209 372
206 153
364 265
369 293
185 14
187 271
312 300
196 89
341 15
391 161
29 161
218 22
351 322
348 295
347 86
100 96
142 211
59 255
367 204
266 240
54 153
301 190
243 106
189 222
232 231
38 43
263 330
106 347
264 399
392 107
10 90
380 29
331 102
114 207
32 164
148 217
363 133
68 245
393 331
128 70
77 371
215 393
114 47
305 131
131 373
351 269
213 38
202 135
170 153
55 341
273 129
27 326
206 290
57 160
193 179
253 366
226 270
244 12
20 112
329 99
111 287
361 373
158 220
281 254
390 182
169 80
20 166
2 147
66 370
333 267
347 385
311 398
192 177
344 360
226 120
9 61
22 169
224 226
21 385
350 248
279 9
320 24
390 230
324 236
213 64
200 33
207 391
279 138
387 223
214 33
52 54
22 307
316 376
361 56
156 17
240 297
48 188
166 12
59 368
196 70
127 359
299 124
204 340
238 39
70 168
69 150
312 211
129 367
85 318
31 57
153 270
102 36
101 317
316 223
303 318
110 227
327 51
249 44
195 60
280 278
376 16
195 117
314 394
380 220
183 91
317 28
111 248
198 20
224 283
259 380
332 10
70 75
125 200
196 384
183 236
75 143
278 73
397 149
115 62
252 250
189 187
374 314
12 134
329 86
294 395
342 369
380 357
115 106
88 276
159 176
252 68
261 230
356 105
358 12
298 320
334 354
126 305
172 321
105 45
239 393
225 169
348 48
213 113
211 310
7 31
335 98
69 316
276 36
43 375
246 253
97 376
119 126
275 278
306 269
198 10
255 45
255 226
173 159
137 175
266 377
288 189
382 285
133 220
66 279
75 20
165 272
33 304
145 382
392 299
248 189
25 171
236 110
30 253
11 138
286 221
158 33
374 53
323 362
248 97
245 48
305 205
175 141
268 190
182 123
158 287
127 239
253 28
71 183
267 48
199 367
115 335
6 69
264 379
336 251
317 197
60 64
229 142
45 343
332 74
130 103
312 327
316 326
65 141
389 63
289 146
385 52
323 303
390 67
96 57
249 107
192 241
70 146
100 31
100 21
246 139
161 112
41 18
387 398
331 232
266 122
318 166
187 375
92 285
118 217
123 71
138 273
351 82
42 299
58 377
126 327
32 220
109 387
330 204
396 234
145 134
235 299
119 187
179 212
138 217
326 378
223 170
364 21
191 279
399 206
141 300
83 374
397 181
282 248
348 297
305 57
1 148
324 335
233 371
91 126
102 245
67 323
370 87
19 238
57 316
256 360
346 336
176 151
56 269
238 183
19 48
114 216
77 167
51 74
351 57
232 350
367 51
399 154
379 11
34 289
198 185
128 58
370 55
196 58
184 277
158 219
266 244
13 305
309 398
214 246
119 252
123 126
144 199
144 216
109 230
82 6
15 163
180 200
115 296
223 331
281 109
277 133
287 36
275 355
99 227
252 263
164 257
291 125
364 216
120 37
40 72
33 11
314 146
97 356
188 43
145 169
340 350
333 217
49 338
27 25
140 94
360 114
362 217
122 263
125 359
58 92
86 12
352 203
58 200
367 273
74 295
163 340
302 44
388 25
125 267
57 341
40 11
166 283
67 61
349 88
45 378
248 231
317 72
328 19
197 124
90 343
85 379
318 151
31 191
390 295
319 269
150 189
300 304
255 145
140 221
141 52
195 226
340 126
319 162
332 253
254 145
217 382
117 246
170 63
1 167
143 184
67 186
167 204
377 51
324 134
120 58
186 391
80 89
125 111
173 82
362 201
353 187
170 313
345 281
143 308
45 8
230 260
267 306
94 149
364 87
294 326
233 130
379 129
12 62
159 112
318 389
266 274
235 239
26 281
359 73
344 397
382 340
310 197
189 329
376 126
348 59
79 169
314 353
337 281
163 256
254 154
313 397
185 240
178 229
130 231
375 150
102 343
102 361
178 249
303 349
135 24
358 262
105 202
380 388
50 114
216 176
157 261
290 210
318 170
332 394
307 310
83 14
19 71
134 390
158 94
355 357
293 233
55 58
261 319
107 282
254 50
158 148
302 39
87 294
359 152
66 80
272 51
394 223
10 310
326 20
105 65
151 337
66 364
112 244
270 267
55 219
125 346
367 197
122 269
74 68
74 60
186 58
243 173
230 38
279 243
285 273
373 0
153 280
117 289
233 319
302 257
137 8
144 395
269 123
350 187
190 215
87 299
0 346
136 205
90 168
1 115
289 206
316 143
359 266
391 262
371 214
142 267
259 263
353 388
66 350
263 327
36 369
149 73
207 96
4 307
145 333
282 371
108 133
196 333
164 91
317 359
42 397
78 256
325 111
389 69
162 360
366 267
352 278
321 83
331 365
329 266
330 161
311 79
160 255
334 154
393 194
231 58
236 39
77 293
95 55
383 328
325 211
23 177
114 180
61 203
68 69
321 82
396 82
158 108
352 375
333 209
304 334
148 276
78 328
320 136
202 176
394 8
312 335
313 257
75 182
265 325
389 100
106 339
72 271
245 120
339 28
186 337
271 138
173 217
139 91
280 102
318 171
293 258
283 174
237 123
61 124
384 346
224 108
8 15
323 257
90 117
116 284
81 274
250 105
315 114
254 286
59 284
90 362
166 67
189 285
243 87
145 56
373 161
342 224
292 222
193 233
51 7
55 171
365 14
15 89
194 236
282 240
242 266
135 159
306 358
82 28
157 252
172 84
386 58
291 32
62 325
312 277
254 311
348 121
52 35
289 273
372 392
251 277
253 3
329 179
5 12
58 161
120 68
185 382
317 141
343 55
338 177
40 305
39 96
219 205
365 315
83 375
46 102
131 143
133 241
19 167
141 56
340 339
55 313
55 281
4 59
28 107
156 101
194 364
376 215
110 359
322 55
345 310
77 362
300 399
108 321
113 217
163 40
123 171
161 195
226 181
8 132
82 249
273 174
315 348
362 141
100 34
21 309
27 378
260 65
157 205
109 217
185 297
305 399
252 284
139 181
385 7
182 276
338 377
335 27
323 141
148 169
386 261
181 209
148 54
42 71
385 250
277 126
167 189
275 111
232 95
208 82
224 369
178 153
182 186
163 150
27 31
139 380
220 372
315 260
396 377
266 398
18 97
376 353
53 110
115 48
311 54
341 2
77 41
20 17
193 171
45 90
55 395
363 137
274 140
378 33
311 10
196 264
18 307
38 55
100 104
113 352
331 12
26 114
347 148
195 89
304 153
353 173
276 377
269 355
120 242
161 363
181 289
376 335
155 397
170 37
92 246
121 23
240 205
206 210
375 38
8 323
399 372
200 350
394 243
158 193
199 35
158 344
98 256
369 193
152 256
168 305
270 178
56 349
349 361
47 376
351 224
254 153
96 317
58 130
238 247
303 201
222 51
384 152
281 115
230 93
105 99
260 231
237 157
324 378
85 9
175 9
46 238
42 266
387 269
356 34
255 23
163 314
56 278
309 151
37 183
76 181
80 143
57 249
143 104
137 376
327 63
267 97
329 275
120 128
189 71
136 36
133 267
19 157
212 221
73 75
376 247
373 368
288 209
49 335
255 324
351 203
123 395
202 3
160 202
193 201
148 41
3 27
353 380
368 260
320 210
128 271
308 62
270 47
269 5
139 258
50 399
220 232
318 58
242 259
192 13
77 71
311 294
73 355
230 374
85 270
364 97
130 398
302 314
13 375
271 346
22 164
329 291
111 180
297 164
82 86
289 118
12 37
162 369
10 151
80 376
228 124
65 313
137 116
27 26
222 380
312 91
295 78
261 11
27 369
317 134
136 199
68 108
264 118
191 181
272 314
201 161
347 44
278 187
172 0
100 386
342 305
148 307
37 389
162 363
222 66
57 362
381 391
250 327
283 71
376 22
374 373
392 22
330 175
66 218
288 377
375 307
115 337
71 0
124 241
133 138
77 380
98 91
300 309
320 374
323 306
287 165
157 224
83 293
49 164
238 133
231 355
103 247
337 86
269 208
146 301
110 83
361 208
95 388
65 394
172 377
114 318
117 379
352 173
37 189
303 82
259 309
290 60
143 304
250 65
139 351
326 1
1 37
11 113
211 129
232 23
179 120
392 341
120 351
124 297
375 58
190 332
311 172
304 191
137 247
136 390
82 183
12 176
25 157
209 262
61 289
313 358
245 294
208 291
319 17
277 263
275 172
95 167
283 93
319 58
118 49
24 201
353 336
291 336
180 274
377 96
346 327
327 190
1 233
381 254
281 200
104 336
282 92
150 244
351 336
292 111
379 114
134 204
62 360
275 83
196 217
19 204
248 295
375 121
60 124
123 312
77 187
50 394
53 135
397 163
98 383
379 367
79 103
255 232
107 196
138 48
27 272
178 80
391 63
55 379
380 192
247 357
66 243
148 249
278 364
247 60
242 263
269 137
227 31
338 288
197 397
265 261
236 330
397 41
297 263
30 300
284 394
94 205
168 18
361 359
22 27
52 12
34 331
388 90
298 362
207 39
130 59
369 274
226 110
266 347
54 207
268 228
336 344
153 28
20 36
327 372
379 233
241 91
350 164
192 251
81 139
71 148
378 356
56 390
94 146
200 110
346 391
389 236
139 330
64 324
358 139
196 137
258 262
13 16
303 241
15 335
366 161
353 218
6 270
367 26
245 175
223 245
83 181
43 77
90 394
147 339
377 210
84 353
305 310
305 351
179 385
311 107
310 370
169 387
87 284
275 296
70 266
44 109
358 382
239 210
148 317
292 226
259 202
184 60
24 0
335 16
21 234
87 158
252 359
397 354
23 397
297 65
185 47
246 356
385 28
275 146
334 102
212 195
65 53
47 384
106 281
56 136
65 282
87 362
360 129
68 367
201 390
373 203
125 341
34 314
220 163
27 29
87 152
39 140
267 55
156 120
45 224
191 102
327 199
264 270
340 285
163 125
217 100
9 197
287 121
53 217
356 213
135 165
98 231
331 283
323 242
342 128
50 155
43 182
190 94
254 67
330 307
143 129
282 98
126 101
305 55
94 392
117 359
126 392
16 123
138 235
98 218
83 314
3 358
75 278
119 266
386 317
93 209
31 150
309 118
32 40
254 98
171 382
387 216
321 11
332 261
398 354
164 108
286 225
103 337
278 375
15 177
359 80
86 24
106 251
126 390
307 49
181 274
42 273
349 108
296 216
315 188
399 0
267 95
318 259
129 264
384 342
278 325
141 208
296 391
156 164
299 341
116 210
187 102
335 291
370 297
389 243
252 235
309 262
58 333
198 219
6 266
354 13
69 15
298 395
157 276
168 33
199 109
195 387
316 273
293 12
245 272
95 278
129 82
381 196
258 182
23 15
93 30
370 144
382 373
17 232
330 396
370 256
260 47
277 113
92 323
175 243
345 43
127 394
308 28
285 109
84 260
363 108
167 151
266 343
24 40
134 310
201 294
184 135
391 121
224 395
108 99
393 321
138 354
298 82
136 388
203 140
79 177
62 23
343 342
275 123
347 47
68 379
312 141
265 229
142 276
115 31
291 240
113 348
105 205
117 57
368 359
60 111
193 181
49 394
250 324
327 72
107 168
1 74
349 291
332 127
258 347
203 266
258 21
38 288
194 292
159 141
300 192
0 114
280 232
185 184
287 52
6 107
325 27
253 39
251 356
182 284
39 393
367 238
374 393
141 138
338 145
21 173
139 130
350 303
118 13
346 146
144 54
210 384
15 226
3 10
259 109
48 103
394 308
56 283
129 344
234 176
44 187
64 85
325 308
44 296
191 297
99 137
307 28
270 373
181 368
133 398
115 354
70 113
234 255
4 19
283 0
150 43
60 7
98 340
70 280
262 351
164 136
260 391
142 259
340 105
220 92
276 354
227 378
24 88
344 261
57 162
273 186
84 73
293 9
324 75
25 370
134 25
82 48
289 217
301 151
39 168
129 316
311 35
185 314
70 352
32 347
349 87
243 82
383 108
211 232
28 166
81 56
13 185
292 368
55 323
12 184
18 303
64 154
372 216
132 223
36 125
248 132
32 326
38 22
220 373
53 269
2 49
100 134
329 13
239 64
249 129
233 305
98 115
67 237
106 298
65 312
220 71
17 116
220 119
32 372
299 346
87 280
325 208
361 330
41 384
271 298
278 157
277 270
68 320
340 227
236 261
229 359
322 29
166 327
334 290
39 137
195 160
313 155
51 251
33 84
131 256
376 140
65 330
347 224
207 120
81 17
74 143
198 37
11 354
392 223
385 231
150 210
89 294
199 348
99 321
328 123
222 389
33 114
164 200
133 206
337 229
215 277
234 83
121 231
3 393
244 254
365 387
251 101
179 298
321 242
135 253
218 59
253 178
96 188
365 312
29 257
106 33
325 182
336 87
217 350
211 258
186 85
247 367
94 187
13 283
207 65
347 296
62 77
200 209
307 177
275 99
283 316
148 241
90 74
103 174
55 394
350 263
129 329
44 324
81 335
245 129
95 86
136 283
284 119
226 277
77 98
263 221
120 223
143 142
73 14
134 131
296 222
174 214
60 365
282 210
307 392
208 290
190 272
211 225
33 56
383 395
3 257
41 153
107 13
237 218
355 111
153 147
308 220
306 337
389 273
283 260
181 137
373 205
342 311
77 113
177 164
208 16
321 347
269 94
82 256
201 61
125 235
67 288
55 259
127 181
34 332
321 313
76 265
101 305
350 162
339 241
31 116
386 20
13 43
87 83
214 15
288 168
293 30
67 51
332 7
263 245
159 218
107 245
271 345
115 197
142 65
36 149
42 101
275 55
253 160
75 87
69 160
7 99
16 23
173 122
46 20
283 247
326 357
246 392
384 279
17 127
183 160
263 220
17 262
206 171
328 177
102 24
259 213
46 357
132 246
112 106
393 346
138 242
192 58
92 112
152 175
242 219
377 245
221 122
246 266
112 239
236 254
14 114
5 156
326 189
28 131
379 197
320 233
298 62
114 285
245 237
235 393
159 44
286 120
328 252
136 228
299 231
241 288
255 285
290 58
64 279
124 183
227 14
353 151
204 376
234 183
230 345
186 330
176 197
16 225
287 332
102 147
89 111
332 178
168 54
287 50
396 11
243 154
289 103
41 56
178 180
346 366
12 360
171 259
190 120
83 369
395 152
305 162
298 134
135 132
381 61
319 84
223 23
129 66
132 360
53 244
232 291
141 188
59 329
341 94
270 318
388 80
332 252
303 44
387 176
39 319
253 1
92 334
76 77
250 84
113 51
260 18
217 262
53 25
194 61
285 278
256 66
312 380
74 156
2 361
56 17
144 225
67 240
243 126
395 312
5 231
297 153
115 136
336 174
212 217
160 244
252 204
310 252
165 146
63 220
395 328
99 96
300 319
188 136
143 107
20 384
157 287
36 283
